51081.396632 20.9 0.085 51081.398298 20.401 0.027 51081.394965 20.285 0.029 51081.395798 20.287 0.039 51081.397465 20.018 0.124 40.815123 -0.342309
51819.467744 21.125 0.139 51819.46941 20.786 0.04 51819.466077 20.63 0.048 51819.46691 20.43 0.057 51819.468577 20.048 0.134 40.815123 -0.342309
51875.211557 21.098 0.095 51875.213223 20.852 0.034 51875.20989 20.538 0.034 51875.210723 20.38 0.048 51875.21239 20.146 0.145 40.815123 -0.342309
52225.292429 20.68 0.075 52225.294095 20.375 0.024 52225.290762 20.238 0.029 52225.291595 20.142 0.035 52225.293262 20.062 0.108 40.815123 -0.342309
52288.126853 20.893 0.083 52288.128519 20.634 0.028 52288.125186 20.41 0.031 52288.126019 20.264 0.036 52288.127686 19.998 0.1 40.815123 -0.342309
52551.40014 20.627 0.068 52551.401806 20.419 0.023 52551.398473 20.294 0.029 52551.399306 20.267 0.036 52551.400973 19.707 0.08 40.815123 -0.342309
52558.433014 20.516 0.057 52558.43468 20.431 0.021 52558.431347 20.254 0.025 52558.43218 20.199 0.032 52558.433847 19.816 0.084 40.815123 -0.342309
52578.304622 20.676 0.07 52578.306288 20.377 0.022 52578.302955 20.299 0.028 52578.303788 20.148 0.032 52578.305455 19.946 0.098 40.815123 -0.342309
52585.267602 20.624 0.065 52585.269268 20.401 0.02 52585.265935 20.251 0.026 52585.266768 20.111 0.037 52585.268435 19.846 0.112 40.815123 -0.342309
52909.434235 -99.99 0.057 52909.435901 20.358 0.022 52909.432568 20.266 0.024 52909.433401 20.158 0.031 52909.435068 19.84 0.082 40.815123 -0.342309
52910.404479 20.488 0.071 52910.406145 20.341 0.024 52910.402812 20.279 0.03 52910.403645 20.177 0.036 52910.405312 19.68 0.078 40.815123 -0.342309
52935.331648 20.717 0.078 52935.333314 20.396 0.025 52935.329981 20.266 0.032 52935.330814 20.187 0.042 52935.332481 19.892 0.123 40.815123 -0.342309
52963.254725 20.51 0.054 52963.256391 20.321 0.021 52963.253058 20.224 0.023 52963.253891 20.189 0.03 52963.255558 19.821 0.075 40.815123 -0.342309
52971.245641 20.507 0.076 52971.247307 20.368 0.026 52971.243974 20.274 0.033 52971.244807 20.176 0.039 52971.246474 19.853 0.1 40.815123 -0.342309
53351.17703 20.767 0.082 53351.178696 20.605 0.027 53351.175363 20.425 0.033 53351.176196 20.248 0.041 53351.177863 20.049 0.126 40.815123 -0.342309
53622.43408 20.253 0.05 53622.435746 20.024 0.017 53622.432413 19.928 0.02 53622.433246 19.92 0.026 53622.434913 19.678 0.073 40.815123 -0.342309
53627.391178 20.232 0.052 53627.392844 20.091 0.019 53627.389511 19.954 0.021 53627.390344 19.951 0.027 53627.392011 19.879 0.083 40.815123 -0.342309
53634.383552 20.114 0.119 53634.385218 20.004 0.05 53634.381885 19.994 0.043 53634.382718 20.064 0.048 53634.384385 19.825 0.111 40.815123 -0.342309
53638.424888 20.289 0.064 53638.426554 20.112 0.023 53638.423221 20.06 0.023 53638.424054 19.983 0.029 53638.425721 19.801 0.085 40.815123 -0.342309
53640.388924 -99.99 0.067 53640.39059 20.084 0.021 53640.387257 20.012 0.025 53640.38809 19.941 0.03 53640.389757 19.789 0.094 40.815123 -0.342309
53646.450333 20.295 0.153 53646.451999 -99.99 0.045 53646.448666 20.053 0.045 53646.449499 20.029 0.065 53646.451166 19.67 0.196 40.815123 -0.342309
53655.361098 20.166 0.051 53655.362764 20.074 0.018 53655.359431 20.016 0.022 53655.360264 19.987 0.029 53655.361931 19.737 0.079 40.815123 -0.342309
53657.269065 -99.99 0.228 53657.270731 20.133 0.082 53657.267398 20.057 0.074 53657.268231 20.098 0.097 53657.269898 19.973 0.254 40.815123 -0.342309
53663.450752 20.311 0.172 53663.452418 20.146 0.058 53663.449085 20.007 0.045 53663.449918 20.009 0.043 53663.451585 19.577 0.086 40.815123 -0.342309
53664.386053 20.355 0.108 53664.387719 20.065 0.036 53664.384386 20.026 0.035 53664.385219 20.014 0.037 53664.386886 19.959 0.116 40.815123 -0.342309
53665.450684 20.233 0.117 53665.45235 20.101 0.039 53665.449017 19.943 0.032 53665.44985 19.952 0.038 53665.451517 20.334 0.202 40.815123 -0.342309
53668.4393 20.197 0.113 53668.440966 20.053 0.036 53668.437633 20.059 0.041 53668.438466 20.05 0.053 53668.440133 19.827 0.165 40.815123 -0.342309
53669.345299 20.214 0.093 53669.346965 -99.99 0.085 53669.343632 20.011 0.039 53669.344465 19.895 0.042 53669.346132 -99.99 0.164 40.815123 -0.342309
53670.445274 20.416 0.108 53670.44694 20.088 0.028 53670.443607 20.035 0.033 53670.44444 19.921 0.038 53670.446107 19.849 0.121 40.815123 -0.342309
53671.43005 20.371 0.08 53671.431716 20.073 0.023 53671.428383 19.963 0.025 53671.429216 19.962 0.033 53671.430883 19.978 0.116 40.815123 -0.342309
53674.329535 20.322 0.067 53674.331201 20.175 0.022 53674.327868 20.063 0.028 53674.328701 20.047 0.038 53674.330368 19.867 0.123 40.815123 -0.342309
53676.418993 20.305 0.07 53676.420659 20.095 0.024 53676.417326 20.056 0.029 53676.418159 19.983 0.036 53676.419826 19.803 0.11 40.815123 -0.342309
53679.390894 20.373 0.081 53679.39256 20.192 0.023 53679.389227 20.055 0.031 53679.39006 20.014 0.041 53679.391727 19.651 0.126 40.815123 -0.342309
53681.382408 20.346 0.063 53681.384074 20.177 0.02 53681.380741 20.065 0.022 53681.381574 20.063 0.029 53681.383241 19.814 0.081 40.815123 -0.342309
53684.343904 20.389 0.097 53684.34557 20.193 0.033 53684.342237 20.031 0.042 53684.34307 19.971 0.052 53684.344737 19.902 0.164 40.815123 -0.342309
53687.285218 20.623 0.287 53687.286884 20.165 0.081 53687.283551 19.935 0.059 53687.284384 19.981 0.059 53687.286051 19.575 0.119 40.815123 -0.342309
53694.355358 20.286 0.161 53694.357024 20.135 0.054 53694.353691 20.016 0.044 53694.354524 19.936 0.047 53694.356191 19.759 0.128 40.815123 -0.342309
53697.339433 20.283 0.079 53697.341099 20.149 0.027 53697.337766 20.059 0.027 53697.338599 19.931 0.03 53697.340266 19.783 0.092 40.815123 -0.342309
53700.338389 20.31 0.075 53700.340055 20.155 0.022 53700.336722 20.013 0.027 53700.337555 19.976 0.04 53700.339222 19.892 0.136 40.815123 -0.342309
53705.32506 20.418 0.081 53705.326726 20.192 0.023 53705.323393 20.098 0.027 53705.324226 20.048 0.039 53705.325893 19.835 0.117 40.815123 -0.342309
53975.410083 20.336 0.055 53975.41175 20.348 0.024 53975.408416 20.257 0.027 53975.40925 20.168 0.034 53975.410916 19.895 0.091 40.815123 -0.342309
53994.433083 20.475 0.057 53994.434749 20.304 0.027 53994.431416 20.27 0.025 53994.432249 20.205 0.032 53994.433916 19.783 0.093 40.815123 -0.342309
53996.416788 20.421 0.055 53996.418455 20.286 0.02 53996.415121 20.239 0.023 53996.415955 20.165 0.03 53996.417621 19.97 0.253 40.815123 -0.342309
54005.429988 -99.99 0.056 54005.431654 20.326 0.026 54005.428321 20.25 0.024 54005.429154 20.179 0.027 54005.430821 19.983 0.083 40.815123 -0.342309
54009.443832 20.548 0.057 54009.445499 20.279 0.022 54009.442165 20.17 0.023 54009.442999 20.208 0.029 54009.444665 19.804 0.083 40.815123 -0.342309
54010.370965 20.503 0.047 54010.372632 20.269 0.028 54010.369298 20.259 0.027 54010.370132 20.169 0.028 54010.371798 20.052 0.069 40.815123 -0.342309
54012.363883 20.377 0.078 54012.36555 20.312 0.034 54012.362217 20.218 0.031 54012.36305 20.234 0.038 54012.364717 20.097 0.098 40.815123 -0.342309
54020.40182 20.44 0.098 54020.403486 20.238 0.04 54020.400153 20.134 0.037 54020.400986 20.131 0.038 54020.402653 19.696 0.088 40.815123 -0.342309
54024.451342 20.286 0.072 54024.453009 20.169 0.028 54024.449675 20.091 0.029 54024.450509 20.122 0.037 54024.452175 19.86 0.112 40.815123 -0.342309
54028.439732 -99.99 0.063 54028.441398 20.232 0.026 54028.438065 20.147 0.029 54028.438898 20.034 0.037 54028.440565 19.987 0.12 40.815123 -0.342309
54030.395104 20.396 0.051 54030.396771 20.197 0.02 54030.393438 20.173 0.023 54030.394271 20.085 0.033 54030.395938 19.922 0.09 40.815123 -0.342309
54035.439037 20.399 0.085 54035.440704 20.211 0.03 54035.437371 20.143 0.037 54035.438204 20.019 0.041 54035.439871 19.801 0.115 40.815123 -0.342309
54037.344534 -99.99 0.052 54037.346201 20.25 0.022 54037.342867 20.171 0.021 54037.343701 20.13 0.024 54037.345367 19.964 0.068 40.815123 -0.342309
54040.359013 20.381 0.054 54040.360679 20.264 0.026 54040.357346 20.213 0.027 54040.358179 20.197 0.035 54040.359846 20.027 0.1 40.815123 -0.342309
54041.394575 20.363 0.089 54041.396242 20.238 0.038 54041.392908 20.218 0.039 54041.393742 20.079 0.04 54041.395408 19.84 0.092 40.815123 -0.342309
54047.38964 -99.99 0.411 54047.391306 20.347 0.108 54047.387973 20.221 0.1 54047.388806 20.085 0.083 54047.390473 19.489 0.137 40.815123 -0.342309
54049.385493 -99.99 0.114 54049.38716 20.227 0.043 54049.383826 20.173 0.037 54049.38466 20.102 0.043 54049.386326 19.807 0.123 40.815123 -0.342309
54053.36511 -99.99 0.067 54053.366777 -99.99 0.023 54053.363443 20.151 0.029 54053.364277 -99.99 0.035 54053.365943 -99.99 0.105 40.815123 -0.342309
54056.351514 20.218 0.058 54056.35318 20.194 0.024 54056.349847 20.151 0.032 54056.35068 20.105 0.035 54056.352347 19.729 0.095 40.815123 -0.342309
54059.345816 20.355 0.084 54059.347482 20.188 0.031 54059.344149 20.144 0.034 54059.344982 19.98 0.037 54059.346649 20.237 0.458 40.815123 -0.342309
54061.356842 20.412 0.113 54061.358508 20.167 0.034 54061.355175 20.065 0.04 54061.356008 20.117 0.064 54061.357675 19.517 0.122 40.815123 -0.342309
54062.350658 -99.99 0.061 54062.352325 20.186 0.023 54062.348992 20.179 0.025 54062.349825 20.12 0.031 54062.351492 20.027 0.269 40.815123 -0.342309
54064.3471 -99.99 0.066 54064.348767 20.19 0.023 54064.345433 20.123 0.024 54064.346267 20.052 0.031 54064.347933 19.802 0.088 40.815123 -0.342309
54068.331224 20.664 0.179 54068.332891 20.153 0.064 54068.329557 20.063 0.048 54068.330391 20.053 0.064 54068.332057 -99.99 0.174 40.815123 -0.342309
54357.388938 20.381 0.047 54357.390604 20.227 0.021 54357.387271 20.164 0.025 54357.388104 20.145 0.024 54357.389771 19.773 0.084 40.815123 -0.342309
54362.438769 20.383 0.048 54362.440436 20.242 0.021 54362.437103 20.18 0.022 54362.437936 20.203 0.031 54362.439603 19.923 0.072 40.815123 -0.342309
54376.433884 20.417 0.066 54376.435551 20.291 0.027 54376.432218 20.195 0.025 54376.433051 20.243 0.035 54376.434718 20.018 0.092 40.815123 -0.342309
54382.418981 20.32 0.069 54382.420647 20.272 0.025 54382.417314 20.193 0.034 54382.418147 20.161 0.048 54382.419814 19.913 0.111 40.815123 -0.342309
54385.436761 20.429 0.057 54385.438427 20.322 0.022 54385.435094 20.175 0.024 54385.435927 20.172 0.029 54385.437594 20.097 0.089 40.815123 -0.342309
54387.43728 -99.99 0.1 54387.438947 20.264 0.028 54387.435614 20.174 0.039 54387.436447 20.112 0.069 54387.438114 19.988 0.141 40.815123 -0.342309
54390.429689 20.284 0.102 54390.431356 -99.99 0.038 54390.428023 20.287 0.049 54390.428856 20.088 0.064 54390.430523 -99.99 0.372 40.815123 -0.342309
54391.438107 20.426 0.129 54391.439774 20.3 0.044 54391.436441 20.268 0.053 54391.437274 20.16 0.081 54391.438941 19.358 0.123 40.815123 -0.342309
54402.430426 20.072 0.144 54402.432093 -99.99 0.062 54402.42876 20.231 0.057 54402.429593 20.161 0.05 54402.43126 20.262 0.156 40.815123 -0.342309
